[35.0 7.0 77.83 6.14]
[51.0 46.0 179.60 32.44]
[94.0 85.0 119.60 38.17]
[95.0 59.0 169.58 23.88]
[95.0 56.0 185.90 40.76]
[26.0 6.0 188.95 3.84]
[43.0 69.0 173.53 62.44]
[26.0 18.0 57.42 10.72]
[62.0 69.0 103.86 54.86]
[30.0 22.0 62.33 4.97]
[30.0 45.0 78.93 5.09]
[77.0 9.0 79.38 6.53]
[35.0 94.0 116.53 70.30]
[72.0 81.0 105.25 71.51]
[59.0 10.0 131.35 4.96]
[5.0 29.0 112.33 25.13]
[31.0 41.0 148.69 28.64]
[93.0 5.0 147.19 2.80]
[82.0 30.0 90.52 20.50]
[8.0 94.0 107.63 41.58]
[20.0 78.0 46.89 21.76]
[91.0 70.0 171.65 53.74]
[30.0 60.0 136.71 43.49]
[40.0 28.0 163.81 3.67]
[27.0 15.0 132.03 12.68]
[94.0 54.0 116.18 40.66]
[53.0 6.0 187.65 .25]
[11.0 67.0 119.16 42.77]
[36.0 63.0 165.37 34.67]
[55.0 6.0 164.90 .45]
[13.0 49.0 166.66 6.17]
[57.0 59.0 198.81 37.57]
[32.0 24.0 159.71 2.51]
[75.0 80.0 132.94 22.01]
[96.0 5.0 187.74 1.41]
[15.0 97.0 72.61 35.25]
[88.0 52.0 132.17 38.29]
[30.0 31.0 35.98 15.89]
[19.0 39.0 30.85 .86]
[61.0 24.0 168.86 21.59]
[47.0 17.0 155.94 2.13]
[36.0 54.0 56.31 9.43]
[74.0 80.0 177.22 16.04]
[50.0 20.0 158.08 .59]
[74.0 33.0 160.14 31.71]
[81.0 66.0 178.24 22.48]
[42.0 27.0 188.36 13.96]
[28.0 53.0 146.80 42.28]
[22.0 65.0 84.40 15.14]
[84.0 25.0 132.88 19.54]
[46.0 87.0 88.44 53.50]
[79.0 14.0 196.84 6.26]
[84.0 92.0 166.49 38.88]
[9.0 16.0 44.06 12.38]
[90.0 35.0 199.53 27.06]
[84.0 48.0 189.75 15.40]
[96.0 30.0 178.74 12.15]
[25.0 71.0 127.90 32.44]
[71.0 88.0 176.09 86.34]
[30.0 32.0 51.23 18.59]
[32.0 24.0 104.82 3.00]
[91.0 72.0 146.38 55.65]
[65.0 38.0 83.80 4.34]
[83.0 68.0 94.94 11.02]
[76.0 15.0 88.39 14.06]
[74.0 98.0 153.81 15.19]
[91.0 84.0 178.50 78.58]
[84.0 47.0 142.24 16.30]
[76.0 35.0 186.25 32.93]
[17.0 81.0 139.04 10.40]
[23.0 67.0 157.02 49.89]
[52.0 7.0 198.08 4.28]
[93.0 10.0 125.93 6.52]
[20.0 23.0 167.51 18.62]
[31.0 84.0 156.60 58.91]
[7.0 20.0 101.72 .45]
[42.0 96.0 153.80 95.01]
[5.0 99.0 110.85 95.50]
[94.0 2.0 138.85 .26]
[35.0 50.0 121.30 22.16]
[39.0 85.0 182.51 63.89]
[34.0 75.0 147.37 60.38]
[51.0 43.0 159.49 22.35]
[12.0 69.0 95.35 6.95]
[78.0 47.0 190.50 26.42]
[84.0 15.0 172.61 .85]
[53.0 3.0 92.72 1.03]
[17.0 60.0 82.46 45.10]
[93.0 78.0 155.95 53.33]
[53.0 24.0 136.58 1.10]
[46.0 22.0 142.31 11.56]
[78.0 53.0 186.86 34.72]
[80.0 50.0 131.89 3.38]
[42.0 69.0 182.63 40.82]
[33.0 20.0 68.01 17.56]
[30.0 67.0 49.44 62.28]
[19.0 32.0 23.96 19.42]
[42.0 84.0 48.21 32.22]
[12.0 53.0 196.70 39.05]
[90.0 14.0 137.76 7.63]