[198.0 156.0 1176.12 69.64]
[298.0 497.0 489.97 349.32]
[877.0 492.0 1352.19 120.64]
[57.0 918.0 995.94 868.91]
[670.0 926.0 1814.52 690.69]
[439.0 920.0 739.43 635.56]
[369.0 736.0 916.87 133.37]
[765.0 883.0 1331.87 367.13]
[565.0 410.0 668.39 141.06]
[711.0 139.0 968.23 21.38]
[502.0 446.0 960.92 306.66]
[204.0 302.0 1840.86 81.33]
[70.0 587.0 1028.84 400.70]
[92.0 941.0 1102.91 904.33]
[78.0 490.0 945.56 131.53]
[230.0 516.0 1503.43 193.65]
[59.0 414.0 558.23 412.55]
[326.0 296.0 481.22 111.14]
[7.0 583.0 1040.55 478.34]
[751.0 257.0 1922.79 111.16]
[801.0 699.0 1455.28 255.42]
[206.0 262.0 379.54 49.22]
[237.0 889.0 884.01 87.39]
[525.0 263.0 905.66 199.03]
[244.0 916.0 1128.30 712.46]
[933.0 518.0 1258.90 81.99]
[649.0 129.0 1163.41 35.98]
[164.0 36.0 1483.59 21.91]
[889.0 736.0 1763.63 552.98]
[105.0 972.0 1676.81 136.70]
[745.0 56.0 1306.20 38.55]
[626.0 935.0 1935.59 758.44]
[88.0 380.0 437.73 364.17]
[540.0 457.0 1493.77 429.94]
[914.0 605.0 1332.89 9.50]
[63.0 508.0 883.73 287.95]
[140.0 74.0 354.15 13.03]
[15.0 639.0 1291.04 547.33]
[955.0 166.0 1673.80 11.87]
[386.0 308.0 908.25 81.14]
[992.0 459.0 1603.76 331.47]
[316.0 723.0 1756.51 694.39]
[321.0 988.0 531.34 343.05]
[631.0 911.0 1938.24 598.65]
[402.0 798.0 671.95 277.04]
[597.0 74.0 1237.77 38.48]
[973.0 620.0 1160.81 187.34]
[697.0 713.0 1377.00 98.46]
[950.0 720.0 1208.36 238.19]
[505.0 169.0 1324.71 84.76]
[822.0 990.0 1315.80 437.09]
[332.0 940.0 933.26 771.15]
[168.0 175.0 558.91 48.94]
[856.0 814.0 1609.59 712.24]
[964.0 730.0 1682.91 624.38]
[581.0 319.0 1581.13 303.93]
[280.0 44.0 1134.74 36.82]
[597.0 841.0 1380.81 356.95]
[960.0 957.0 1759.53 922.63]
[254.0 269.0 420.28 166.94]
[876.0 869.0 1090.06 173.76]
[44.0 287.0 948.28 281.18]
[352.0 501.0 490.88 380.77]
[787.0 913.0 1445.87 822.59]
[484.0 412.0 1343.74 411.17]
[159.0 694.0 1125.22 284.04]
[797.0 963.0 1408.99 814.78]
[396.0 612.0 1260.11 334.00]
[344.0 219.0 558.00 152.56]
[800.0 451.0 1847.69 162.55]
[529.0 142.0 1397.55 7.96]
[964.0 326.0 1900.22 291.73]
[507.0 650.0 913.42 192.67]
[951.0 491.0 1164.33 293.63]
[721.0 443.0 1069.47 172.59]
[26.0 999.0 846.40 73.00]
[257.0 620.0 872.66 399.81]
[655.0 281.0 969.34 245.80]
[466.0 870.0 776.59 360.35]
[368.0 935.0 1974.79 551.05]
[808.0 900.0 1780.62 191.40]
[194.0 738.0 284.47 419.46]
[743.0 995.0 1559.20 174.25]
[956.0 657.0 978.92 160.72]
[339.0 688.0 603.89 469.16]
[858.0 292.0 1491.26 245.92]
[452.0 365.0 1422.06 3.43]
[637.0 981.0 1214.04 744.18]
[268.0 688.0 1754.28 109.49]
[328.0 472.0 1872.70 388.48]
[115.0 687.0 399.83 333.81]
[764.0 744.0 1270.58 557.89]
[208.0 220.0 1836.19 57.43]
[813.0 637.0 939.78 159.72]
[725.0 994.0 1484.40 981.61]
[397.0 575.0 653.85 371.37]
[266.0 98.0 1001.11 70.96]
[8.0 392.0 1982.57 89.44]
[7.0 155.0 1710.03 33.16]
[404.0 442.0 1905.11 336.23]
[48.0 405.0 1438.28 227.29]
[265.0 135.0 1959.09 13.21]
[68.0 34.0 1045.11 3.90]
[431.0 673.0 565.20 106.35]
[526.0 579.0 1218.39 74.65]
[179.0 631.0 503.73 53.17]
[22.0 466.0 719.40 215.64]
[837.0 190.0 1817.48 2.98]
[980.0 586.0 1124.45 456.99]
[81.0 278.0 1163.30 48.59]
[550.0 710.0 1479.40 318.77]
[303.0 220.0 1562.83 5.63]
[146.0 698.0 447.90 35.38]
[486.0 874.0 1634.52 667.24]
[860.0 583.0 1852.09 181.58]
[19.0 376.0 1390.24 337.91]
[274.0 361.0 1394.01 211.62]
[579.0 61.0 894.17 52.01]
[408.0 313.0 1156.90 39.49]
[431.0 314.0 1403.05 94.07]
[166.0 296.0 495.94 63.03]
[374.0 648.0 1871.49 62.50]
[29.0 696.0 1373.56 316.80]
[656.0 748.0 1942.60 380.85]
[865.0 480.0 1591.22 365.96]
[758.0 371.0 1397.55 251.80]
[567.0 596.0 1670.29 355.22]
[193.0 193.0 1642.73 155.58]
[991.0 470.0 1583.42 186.38]
[767.0 240.0 1256.76 226.36]
[594.0 52.0 859.55 35.70]
[287.0 455.0 322.41 440.86]
[98.0 322.0 785.46 99.72]
[744.0 384.0 1760.67 323.34]
[486.0 324.0 1340.06 292.33]
[631.0 252.0 659.89 108.37]
[328.0 276.0 509.05 213.39]
[696.0 24.0 1343.99 15.12]
[823.0 539.0 1153.84 233.42]
[811.0 464.0 1187.04 214.71]
[304.0 614.0 409.44 335.91]
[1.0 163.0 307.30 133.03]
[48.0 541.0 303.19 456.70]
[956.0 959.0 1332.83 334.10]
[251.0 951.0 1717.79 678.46]
[392.0 579.0 620.50 108.67]
[175.0 201.0 1749.52 163.97]
[604.0 347.0 1302.39 262.93]
[270.0 339.0 428.01 332.22]
[81.0 645.0 1356.97 476.07]
[33.0 433.0 1151.77 47.75]
[660.0 878.0 894.40 513.82]
[68.0 737.0 1456.40 348.40]
[887.0 559.0 1699.76 320.94]
[124.0 551.0 1346.44 519.50]
[576.0 711.0 1707.85 141.16]
[155.0 506.0 1778.75 488.80]
[407.0 820.0 1843.84 272.63]
[876.0 567.0 1634.10 410.33]
[699.0 327.0 1951.23 166.23]
[236.0 900.0 792.86 365.73]
[880.0 244.0 1920.15 76.58]
[257.0 114.0 1346.10 46.07]
[517.0 309.0 1871.75 130.93]
[180.0 298.0 1971.69 135.60]
[703.0 13.0 1885.52 5.70]
[109.0 989.0 331.75 385.13]
[52.0 867.0 549.96 121.02]
[133.0 239.0 1501.78 147.39]
[317.0 196.0 1544.95 46.96]
[453.0 904.0 1599.24 163.80]
[361.0 582.0 721.73 174.57]
[339.0 205.0 1371.45 67.96]
[953.0 347.0 1936.28 155.61]
[514.0 40.0 768.47 23.32]
[127.0 931.0 1575.17 371.77]
[106.0 841.0 1434.68 155.21]
[130.0 507.0 805.66 136.28]
[183.0 205.0 1636.39 89.56]
[227.0 806.0 263.16 660.71]
[178.0 108.0 885.31 14.66]
[857.0 691.0 860.80 151.07]
[850.0 625.0 1406.20 293.89]
[418.0 711.0 1037.96 466.79]
[343.0 638.0 601.16 247.14]
[789.0 465.0 1872.02 185.22]
[476.0 670.0 1339.13 603.53]
[485.0 322.0 705.44 308.81]
[352.0 149.0 504.03 28.59]
[282.0 833.0 1660.48 213.81]
[61.0 151.0 1313.18 150.86]
[509.0 454.0 1535.74 93.22]
[35.0 493.0 1730.76 274.21]
[925.0 841.0 1606.17 295.81]
[878.0 400.0 1468.13 325.53]
[489.0 558.0 822.79 413.28]
[399.0 61.0 1805.92 25.59]
[387.0 803.0 1481.20 199.71]
[652.0 542.0 1385.49 407.19]
[492.0 174.0 645.19 93.86]
[632.0 549.0 1878.27 260.29]
[70.0 17.0 1286.48 9.56]
[622.0 135.0 1858.13 87.48]
[911.0 635.0 1215.58 634.78]
[159.0 189.0 326.80 67.45]
[629.0 275.0 1423.33 63.74]
[148.0 650.0 1530.35 257.29]
[41.0 957.0 1940.50 521.54]
[161.0 479.0 356.52 224.29]
[585.0 375.0 1877.52 159.07]
[504.0 919.0 1655.27 60.31]
[173.0 966.0 1302.76 576.57]
[128.0 122.0 1133.63 21.03]
[866.0 811.0 1162.75 787.95]
[210.0 719.0 965.30 598.80]
[473.0 633.0 1994.36 622.61]
[712.0 233.0 1484.32 139.29]
[582.0 232.0 967.97 231.91]
[399.0 487.0 1178.20 405.56]
[906.0 703.0 965.42 53.74]
[238.0 370.0 439.27 256.17]
[970.0 655.0 1153.95 231.54]
[807.0 824.0 1442.46 303.22]
[923.0 228.0 1886.72 202.05]
[51.0 3.0 630.70 1.77]
[3.0 911.0 1361.84 554.29]
[241.0 101.0 1381.20 65.88]
[117.0 843.0 1947.31 11.58]
[522.0 247.0 1932.17 178.23]
[688.0 538.0 1710.16 455.03]
[23.0 618.0 617.39 313.64]
[552.0 182.0 928.19 132.65]
[405.0 260.0 1775.12 111.71]
[99.0 852.0 1452.24 844.49]
[417.0 986.0 975.47 128.56]
[631.0 98.0 1776.77 53.85]
[284.0 687.0 1216.14 127.06]
[921.0 709.0 1116.37 243.46]
[459.0 596.0 755.61 127.09]
[108.0 288.0 1868.93 147.42]
[896.0 417.0 1282.22 310.38]
[657.0 873.0 1355.64 850.47]
[550.0 324.0 1343.48 111.16]
[748.0 946.0 805.53 810.34]
[699.0 484.0 1324.30 419.56]
[90.0 626.0 896.28 595.38]
[887.0 684.0 1906.96 484.27]
[592.0 428.0 1134.88 48.36]
[591.0 893.0 1783.48 361.47]
[892.0 842.0 1155.91 692.56]
[240.0 465.0 1315.84 332.63]
[81.0 722.0 644.26 386.26]
[663.0 877.0 1767.26 680.43]
[572.0 92.0 1682.04 47.33]
[988.0 30.0 1175.82 5.12]
[344.0 864.0 1875.34 463.20]
[468.0 901.0 1339.31 879.22]
[909.0 813.0 1866.00 580.24]
[334.0 634.0 1236.30 113.81]
[589.0 667.0 1786.42 121.20]
[231.0 951.0 603.03 391.86]
[759.0 297.0 1789.78 284.37]
[378.0 219.0 746.86 199.70]
[383.0 279.0 1508.77 258.38]
[676.0 679.0 1110.41 631.51]
[157.0 617.0 295.00 9.91]
[132.0 180.0 804.85 148.90]
[698.0 460.0 1199.57 290.38]
[207.0 64.0 463.29 29.72]
[555.0 379.0 967.12 278.42]
[982.0 332.0 1297.65 287.95]
[924.0 909.0 1801.14 428.50]
[521.0 445.0 1062.22 344.26]
[667.0 125.0 1021.61 38.12]
[918.0 435.0 1586.42 225.84]
[397.0 971.0 843.36 595.16]
[686.0 58.0 956.87 41.50]
[483.0 533.0 1570.67 510.28]
[662.0 730.0 1670.33 367.41]
[92.0 670.0 330.10 378.74]
[240.0 319.0 1797.11 155.26]
[46.0 287.0 312.76 86.42]
[163.0 162.0 369.71 27.32]
[1.0 566.0 1040.35 464.72]
[37.0 316.0 158.17 57.23]
[130.0 747.0 1521.53 1.87]
[174.0 472.0 535.30 221.62]
[955.0 483.0 1333.51 408.84]
[679.0 216.0 1775.96 201.12]
[481.0 320.0 1140.38 52.32]
[427.0 534.0 733.82 353.75]
[731.0 626.0 1552.44 403.25]
[6.0 291.0 923.94 221.42]
[796.0 572.0 1177.93 378.20]
[156.0 254.0 342.25 150.35]
[409.0 969.0 1626.83 960.09]
[375.0 594.0 1566.09 75.60]
[828.0 450.0 1393.76 369.90]
[769.0 326.0 1116.45 207.08]
[673.0 927.0 1129.76 45.75]
[646.0 150.0 1570.29 139.50]
[379.0 214.0 545.37 29.47]
[177.0 843.0 1513.92 37.30]
[228.0 441.0 930.10 165.33]
[892.0 988.0 1634.10 546.57]
[904.0 518.0 1987.92 146.00]
[975.0 355.0 1435.02 199.14]
[178.0 227.0 1295.55 83.46]
[506.0 376.0 651.78 92.54]
[436.0 540.0 709.55 246.28]
[311.0 717.0 567.47 565.48]
[204.0 228.0 1460.21 223.98]
[753.0 325.0 1567.80 281.88]
[812.0 127.0 1980.01 10.74]
[301.0 68.0 674.66 59.67]
[896.0 376.0 1643.45 367.32]
[656.0 539.0 1691.28 377.86]
[432.0 121.0 1177.47 10.09]
[894.0 929.0 1888.65 580.68]
[328.0 13.0 480.00 2.27]
[692.0 645.0 702.94 456.57]
[523.0 330.0 1966.84 118.18]
[771.0 595.0 1918.93 64.24]
[562.0 271.0 1998.96 34.65]
[578.0 468.0 1018.17 90.60]
[13.0 954.0 1522.36 790.03]
[751.0 267.0 1299.00 117.12]
[404.0 229.0 1335.67 45.03]
[98.0 908.0 1120.70 427.96]
[951.0 684.0 1675.99 96.40]
[959.0 782.0 1271.49 152.42]
[846.0 685.0 955.34 280.69]
[869.0 54.0 1291.43 35.18]
[786.0 755.0 1992.03 243.58]
[902.0 216.0 1503.31 105.05]
[295.0 926.0 1569.97 498.60]
[571.0 15.0 1359.22 3.33]
[400.0 274.0 1875.87 249.92]
[84.0 608.0 107.16 310.69]
[676.0 283.0 689.56 170.22]
[299.0 401.0 1210.33 232.00]
[263.0 244.0 985.16 158.02]
[636.0 488.0 895.42 395.79]
[547.0 642.0 1293.38 337.14]
[974.0 924.0 1023.01 123.39]
[219.0 616.0 964.11 315.81]
[347.0 870.0 1267.51 227.96]
[351.0 898.0 1425.31 812.12]
[553.0 11.0 1179.10 .63]
[811.0 761.0 1678.05 690.93]
[77.0 69.0 1222.17 8.57]
[610.0 852.0 1456.81 642.69]
[299.0 786.0 1348.45 94.80]
[797.0 995.0 1780.88 885.81]
[273.0 272.0 1258.92 67.02]
[574.0 568.0 1058.64 456.00]
[301.0 411.0 942.15 196.35]
[60.0 420.0 332.72 343.44]
[932.0 616.0 1521.65 459.58]
[578.0 36.0 1507.26 9.12]
[397.0 41.0 1812.93 22.67]
[227.0 725.0 270.04 255.22]
[940.0 509.0 1337.58 94.89]
[242.0 245.0 691.87 11.91]
[26.0 220.0 1762.06 117.11]
[53.0 601.0 451.79 362.97]
[90.0 731.0 378.53 324.71]
[226.0 372.0 550.11 177.80]
[946.0 352.0 1495.30 75.52]
[832.0 452.0 1510.62 116.78]
[362.0 107.0 1274.18 10.26]
[661.0 439.0 1573.07 226.22]
[558.0 196.0 1638.95 46.47]
[710.0 738.0 1612.06 580.41]
[537.0 767.0 1250.60 198.61]
[14.0 237.0 286.85 123.41]
[27.0 635.0 372.06 573.57]
[929.0 467.0 1899.06 159.53]
[614.0 784.0 1618.88 312.74]
[19.0 641.0 374.03 588.79]
[907.0 150.0 1694.78 3.32]
[146.0 310.0 1970.97 199.53]
[104.0 578.0 214.87 379.62]
[930.0 582.0 1561.60 90.15]
[847.0 734.0 1809.35 240.03]
[601.0 55.0 1244.93 4.57]
[840.0 346.0 1765.50 264.73]
[211.0 810.0 429.67 525.36]
[428.0 886.0 1647.46 141.33]
[491.0 687.0 1351.08 289.84]
[561.0 3.0 1784.22 1.80]
[323.0 243.0 1560.05 140.97]
[232.0 948.0 1068.00 186.43]
[406.0 822.0 725.89 684.14]
[552.0 559.0 1214.26 489.42]
[896.0 502.0 1137.61 105.90]
[798.0 873.0 1531.89 52.03]
[839.0 483.0 1824.51 288.66]
[477.0 320.0 1047.49 121.24]
[258.0 51.0 1017.67 50.70]
[525.0 520.0 528.16 347.97]
[497.0 750.0 1851.86 451.05]
[417.0 540.0 1418.32 315.60]
[663.0 232.0 1918.73 4.97]
[38.0 917.0 1833.79 194.02]
[247.0 668.0 630.97 501.39]
[152.0 569.0 397.75 157.75]
[6.0 982.0 1614.52 353.62]
[409.0 477.0 1785.54 259.03]
[704.0 54.0 949.51 38.85]
[711.0 888.0 890.48 170.42]
[228.0 130.0 1997.65 71.71]
[654.0 530.0 1211.09 422.20]
[886.0 993.0 940.64 850.70]
[734.0 221.0 1074.10 97.93]
[353.0 420.0 1492.94 416.60]
[48.0 234.0 1644.15 200.82]
[978.0 219.0 1357.77 170.47]
[454.0 369.0 1749.51 292.11]
[948.0 589.0 1252.33 41.52]
[97.0 372.0 1683.48 93.10]
[571.0 709.0 872.10 42.13]
[815.0 850.0 1282.38 443.95]
[904.0 721.0 1981.98 595.96]
[616.0 892.0 1585.58 716.29]
[106.0 864.0 887.05 481.32]
[21.0 577.0 1894.65 524.70]
[813.0 569.0 1907.60 272.77]
[403.0 567.0 811.26 171.28]
[44.0 915.0 321.51 208.51]
[894.0 490.0 1830.38 447.84]
[287.0 811.0 467.66 411.31]
[980.0 406.0 1261.83 32.66]
[14.0 873.0 1274.19 745.04]
[625.0 572.0 1120.21 512.73]
[429.0 693.0 879.90 682.43]
[144.0 694.0 1087.11 186.66]
[769.0 753.0 1566.40 648.08]
[534.0 176.0 1794.55 128.78]
[705.0 154.0 930.92 99.41]
[33.0 645.0 869.60 87.65]
[981.0 252.0 1990.04 103.66]
[811.0 973.0 943.07 771.66]
[52.0 892.0 557.96 540.81]
[287.0 555.0 1244.90 349.94]
[119.0 615.0 1839.36 88.30]
[526.0 613.0 1125.03 496.99]
[205.0 565.0 1320.89 501.03]
[541.0 793.0 938.54 712.92]
[786.0 831.0 1992.28 311.24]
[115.0 686.0 758.65 430.31]
[848.0 351.0 1986.26 268.79]
[964.0 530.0 1039.90 86.40]
[220.0 949.0 1013.27 209.02]
[257.0 910.0 1476.81 319.72]
[12.0 897.0 603.13 580.05]
[149.0 659.0 216.45 620.72]
[507.0 949.0 1479.36 902.32]
[151.0 806.0 896.22 292.14]
[410.0 786.0 1821.94 355.97]
[884.0 855.0 1524.27 136.59]
[225.0 478.0 1791.59 470.35]
[483.0 394.0 1409.07 14.91]
[703.0 615.0 1136.41 394.98]
[923.0 16.0 1653.24 3.29]
[941.0 249.0 1980.22 55.05]
[759.0 587.0 1943.33 563.78]
[392.0 934.0 1612.39 666.79]
[480.0 130.0 1850.42 66.94]
[820.0 665.0 1923.51 631.41]
[154.0 588.0 1040.49 425.52]
[208.0 955.0 754.07 561.44]
[962.0 583.0 1631.32 407.61]
[691.0 131.0 1953.88 36.17]
[959.0 798.0 1152.97 218.19]
[274.0 324.0 574.60 149.01]
[672.0 43.0 1849.91 30.03]
[809.0 967.0 1848.47 12.61]
[140.0 910.0 314.13 19.87]
[702.0 709.0 1278.83 479.93]
[348.0 754.0 798.20 617.05]
[828.0 621.0 841.90 71.24]
[711.0 401.0 1396.94 292.89]
[124.0 134.0 1140.58 112.55]
[145.0 280.0 946.10 251.70]
[874.0 390.0 1214.48 62.36]
[548.0 7.0 1698.68 2.74]
[398.0 263.0 1945.35 189.45]
[860.0 248.0 1606.75 48.37]
[535.0 104.0 954.29 102.70]
[34.0 68.0 1023.63 2.22]
[586.0 160.0 1289.36 108.07]
[167.0 894.0 958.04 771.28]
[502.0 694.0 787.62 296.48]
[526.0 110.0 1982.55 61.13]
[73.0 762.0 1517.50 48.76]
[468.0 672.0 529.50 148.31]
[554.0 761.0 1256.52 90.25]
[653.0 814.0 1325.35 262.88]
[950.0 55.0 1494.11 38.64]
[43.0 951.0 474.61 195.21]
[401.0 756.0 965.79 515.10]
[656.0 620.0 1406.94 219.97]
[312.0 514.0 1876.80 336.36]
[99.0 418.0 203.78 272.60]
[797.0 147.0 1881.63 145.63]
[858.0 989.0 1689.26 537.98]
[107.0 472.0 1856.48 291.61]
[461.0 110.0 1188.69 24.55]
[800.0 594.0 1838.67 10.68]
[217.0 665.0 1791.28 232.92]
[41.0 770.0 327.37 674.12]
[199.0 337.0 794.47 319.94]
[875.0 434.0 1844.19 271.21]
[768.0 35.0 1515.38 33.25]
[614.0 791.0 1532.14 136.51]
[454.0 199.0 1605.39 96.29]
[821.0 735.0 962.73 620.09]
[906.0 119.0 1464.12 94.58]
[447.0 80.0 1277.62 2.11]
[542.0 173.0 1009.75 43.04]
[477.0 331.0 1830.70 179.12]
[755.0 132.0 1073.62 130.26]
[653.0 613.0 1356.48 499.41]
[296.0 628.0 451.92 452.33]
[368.0 648.0 1158.48 613.94]
[556.0 380.0 1566.58 300.95]
[498.0 201.0 1475.00 112.89]
[924.0 963.0 1337.65 118.99]
[944.0 107.0 1125.73 35.39]
[33.0 430.0 1931.56 2.65]
[991.0 362.0 1691.72 224.75]
[838.0 29.0 1347.60 23.42]
[638.0 984.0 1713.69 119.28]
[999.0 673.0 1343.83 499.03]
[438.0 329.0 1894.93 153.25]
[426.0 711.0 1110.18 379.66]
[872.0 638.0 1071.45 16.83]
[384.0 685.0 1601.07 360.70]
[784.0 538.0 1779.09 278.29]
[9.0 239.0 1301.92 203.19]
[693.0 153.0 821.86 20.99]
[201.0 565.0 205.51 230.93]
[666.0 604.0 1260.52 230.44]
[222.0 60.0 1495.53 37.19]
[848.0 910.0 1427.66 638.84]
[80.0 539.0 811.34 4.60]
[303.0 377.0 1867.07 12.91]
[297.0 544.0 1088.28 356.32]
[418.0 54.0 1166.86 7.62]
[990.0 365.0 1047.54 76.04]
[518.0 595.0 1893.17 216.77]
[234.0 942.0 1145.95 223.24]
[799.0 728.0 1176.94 718.34]
[304.0 929.0 1077.64 331.66]
[326.0 782.0 1843.03 71.06]
[850.0 186.0 1710.67 22.28]
[794.0 532.0 1661.50 409.80]
[270.0 224.0 662.79 121.40]
[250.0 858.0 1021.32 329.48]
[721.0 300.0 1832.99 117.42]
[882.0 882.0 1926.35 375.77]
[825.0 605.0 1398.42 373.11]
[649.0 72.0 1298.73 40.03]
[286.0 219.0 1538.43 68.48]
[276.0 30.0 791.06 16.63]
[450.0 472.0 1917.76 132.08]
[347.0 26.0 552.29 24.54]
[744.0 656.0 1456.51 637.23]
[844.0 219.0 1367.68 191.48]
[446.0 634.0 471.42 364.45]
[932.0 181.0 1672.86 105.16]
[588.0 394.0 831.59 106.86]
[761.0 818.0 1870.63 333.03]
[13.0 237.0 692.40 172.06]
[316.0 505.0 1755.49 222.13]
[912.0 303.0 941.00 130.94]
[908.0 573.0 1375.47 201.68]
[255.0 630.0 582.81 148.88]
[718.0 972.0 1319.35 925.38]
[841.0 418.0 1581.49 333.23]
[472.0 623.0 995.85 168.38]
[594.0 726.0 1726.90 477.01]
[835.0 197.0 1796.39 25.16]
[757.0 292.0 1785.32 97.43]
[569.0 861.0 604.46 43.47]
[81.0 94.0 849.77 36.30]
[319.0 186.0 1655.97 177.68]
[233.0 397.0 799.62 308.05]
[684.0 744.0 1827.05 159.02]
[585.0 473.0 1193.81 129.82]
[734.0 281.0 1137.13 231.66]
[900.0 789.0 1982.91 698.15]
[990.0 26.0 1172.14 10.92]
[786.0 401.0 1859.77 282.27]
[96.0 22.0 998.63 11.09]
[751.0 319.0 844.84 253.98]
[542.0 266.0 1841.66 147.64]
[891.0 75.0 1744.11 12.00]
[984.0 455.0 1200.45 322.81]
[435.0 189.0 822.70 169.42]
[88.0 70.0 1303.82 36.47]
[423.0 334.0 964.44 48.44]
[111.0 782.0 1193.65 407.49]
[43.0 577.0 1276.38 56.83]
[356.0 565.0 1692.08 454.27]
[514.0 69.0 1552.62 39.60]
[181.0 590.0 1984.82 502.12]
[739.0 776.0 741.55 616.21]
[723.0 869.0 1907.27 67.58]
[704.0 998.0 735.99 552.90]
[213.0 183.0 1993.99 151.18]
[104.0 716.0 362.33 92.78]
[101.0 933.0 1115.19 459.14]
[45.0 509.0 742.91 349.60]
[325.0 866.0 801.27 282.28]
[718.0 574.0 1451.81 342.00]
[315.0 673.0 1438.46 612.79]
[570.0 565.0 1776.20 409.09]
[236.0 103.0 1676.01 1.97]
[34.0 983.0 986.85 225.67]
[615.0 521.0 1525.68 101.60]
[725.0 464.0 1255.07 270.88]
[83.0 605.0 486.73 33.65]
[520.0 304.0 1988.29 1.11]
[524.0 384.0 1577.52 263.94]
[570.0 26.0 1186.79 9.57]
[31.0 7.0 559.64 .77]
[752.0 727.0 875.85 167.12]
[996.0 962.0 1585.15 295.28]
[770.0 245.0 993.62 32.06]
[677.0 520.0 770.65 378.91]
[832.0 982.0 1461.09 13.90]
[681.0 974.0 778.53 169.44]
[669.0 356.0 961.80 255.23]
[70.0 671.0 1171.59 598.88]
[389.0 456.0 567.95 450.87]
[455.0 778.0 1985.74 292.06]
[379.0 339.0 812.98 15.12]
[180.0 62.0 436.29 26.74]
[916.0 37.0 1566.56 25.85]
[204.0 53.0 1295.01 22.13]
[113.0 9.0 1904.26 6.36]
[319.0 886.0 1934.94 262.19]
[636.0 118.0 801.25 16.77]
[69.0 611.0 746.81 33.45]
[227.0 872.0 1707.38 657.05]
[609.0 411.0 1464.29 352.19]
[680.0 485.0 1584.34 27.27]
[835.0 224.0 1885.93 122.64]
[520.0 490.0 829.84 476.89]
[678.0 506.0 1482.84 117.45]
[91.0 748.0 1934.35 446.39]
[937.0 671.0 1517.59 662.58]
[672.0 613.0 1535.63 546.68]
[881.0 303.0 1956.66 65.11]
[792.0 283.0 1545.84 25.96]
[630.0 233.0 1838.32 29.53]
[721.0 241.0 1848.96 28.85]
[431.0 444.0 898.78 294.38]
[849.0 416.0 1062.21 226.08]
[200.0 46.0 1465.25 7.89]
[645.0 672.0 1258.22 346.14]
[524.0 355.0 859.79 75.10]
[914.0 603.0 1216.44 314.03]
[397.0 374.0 410.57 88.66]
[743.0 840.0 1526.16 810.48]
[534.0 223.0 602.66 200.03]
[986.0 125.0 1099.43 2.15]
[556.0 330.0 1664.24 205.29]
[639.0 992.0 1155.73 374.75]
[640.0 394.0 727.20 284.75]
[927.0 4.0 1263.78 3.02]
[117.0 113.0 401.97 82.81]
[226.0 828.0 1524.23 617.56]
[950.0 60.0 1001.81 21.37]
[259.0 769.0 1615.55 216.95]
[566.0 64.0 1304.25 24.82]
[212.0 209.0 1012.19 180.24]
[888.0 960.0 1448.80 28.33]
[933.0 716.0 1836.68 47.40]
[114.0 803.0 1021.37 277.20]
[945.0 312.0 997.96 151.29]
[210.0 613.0 1291.21 190.87]
[80.0 221.0 224.60 125.51]
[873.0 849.0 1958.09 193.03]
[606.0 68.0 1065.11 27.21]
[279.0 894.0 1600.50 660.50]
[560.0 561.0 595.33 51.93]
[609.0 82.0 1943.87 46.92]
[852.0 105.0 1705.79 103.56]
[397.0 480.0 1887.09 158.58]
[54.0 270.0 1644.78 252.71]
[608.0 221.0 1175.01 112.15]
[20.0 821.0 1857.50 388.50]
[207.0 913.0 1319.17 693.03]
[900.0 899.0 1819.75 63.80]
[189.0 360.0 695.62 193.14]
[553.0 160.0 710.54 28.54]
[534.0 527.0 551.10 230.12]
[310.0 373.0 1498.02 112.52]
[18.0 140.0 1076.05 18.21]
[921.0 536.0 1456.62 288.18]
[615.0 951.0 703.70 906.00]
[66.0 985.0 1492.19 459.19]
[317.0 772.0 881.18 190.15]
[800.0 765.0 1695.83 585.60]
[521.0 196.0 1840.26 43.80]
[384.0 787.0 861.56 700.97]
[466.0 880.0 981.62 481.34]
[927.0 189.0 1234.24 86.57]
[582.0 158.0 1134.22 53.09]
[618.0 134.0 1817.82 119.04]
[481.0 336.0 1347.85 316.19]
[821.0 29.0 1713.11 11.74]
[549.0 23.0 631.96 9.66]
[500.0 83.0 1246.23 54.50]
[132.0 651.0 1606.57 111.18]
[532.0 641.0 1985.43 187.47]
[352.0 361.0 1778.95 342.37]
[956.0 283.0 1941.88 128.60]
[686.0 78.0 1725.47 35.65]
[90.0 738.0 1611.78 643.69]
[945.0 573.0 1795.67 375.53]
[235.0 691.0 563.76 302.16]
[470.0 506.0 1248.54 374.81]
[404.0 267.0 1138.85 138.47]
[301.0 951.0 1308.56 723.28]
[275.0 483.0 485.12 481.02]
[412.0 363.0 852.43 289.01]
[793.0 800.0 967.58 746.61]
[393.0 12.0 1650.98 5.01]
[794.0 958.0 1932.72 839.57]
[317.0 433.0 1736.58 195.78]
[621.0 45.0 1241.23 1.81]
[363.0 661.0 844.96 161.55]
[63.0 280.0 820.87 214.08]
[153.0 773.0 695.41 255.28]
[471.0 641.0 659.27 565.88]
[822.0 770.0 871.52 348.04]
[951.0 901.0 1030.78 350.78]
[467.0 721.0 674.30 654.57]
[268.0 622.0 928.25 350.68]
[3.0 418.0 167.34 198.44]
[858.0 791.0 1224.01 426.61]
[485.0 951.0 988.86 310.68]
[724.0 921.0 1389.11 892.50]
[858.0 27.0 1228.72 2.58]
[599.0 757.0 1061.60 529.12]
[211.0 804.0 375.67 161.09]
[703.0 509.0 1199.02 94.84]
[984.0 933.0 1459.36 824.73]
[207.0 496.0 545.67 141.71]
[919.0 53.0 1653.02 38.53]
[325.0 861.0 1780.07 143.37]
[690.0 554.0 1264.90 163.70]
[572.0 863.0 620.23 621.04]
[366.0 742.0 1193.88 506.88]
[670.0 465.0 782.89 131.18]
[36.0 689.0 319.46 28.37]
[905.0 351.0 1822.67 270.61]
[928.0 638.0 1080.10 231.72]
[446.0 222.0 1526.92 2.79]
[414.0 906.0 1826.96 275.53]
[683.0 648.0 1398.90 528.93]
[747.0 91.0 1713.77 21.84]
[509.0 703.0 1900.52 21.25]
[150.0 147.0 746.41 11.25]
[838.0 964.0 1751.21 758.59]
[929.0 483.0 965.10 21.43]
[61.0 318.0 336.06 150.39]
[62.0 27.0 410.30 8.10]
[833.0 280.0 1095.64 200.60]
[831.0 635.0 1897.80 70.37]
[281.0 150.0 291.90 25.74]
[639.0 791.0 1514.17 492.10]
[210.0 652.0 955.42 575.53]
[226.0 219.0 1554.70 43.52]
[889.0 53.0 1491.57 2.66]
[172.0 145.0 898.17 62.29]
[53.0 18.0 773.82 10.84]
[57.0 504.0 261.33 293.42]
[577.0 379.0 1401.31 316.71]
[340.0 839.0 1911.73 327.24]
[81.0 828.0 668.46 629.37]
[890.0 439.0 1472.49 1.30]
[58.0 51.0 1720.50 30.67]
[522.0 414.0 594.46 5.81]
[359.0 308.0 1602.37 49.03]
[314.0 326.0 1804.73 33.25]
[438.0 254.0 1920.41 133.75]
[658.0 716.0 1230.89 543.80]
[138.0 574.0 1985.78 421.06]
[681.0 745.0 966.84 136.85]
[453.0 951.0 548.02 549.05]
[515.0 344.0 860.48 316.99]
[484.0 721.0 1653.27 440.39]
[881.0 856.0 1465.03 535.77]
[667.0 139.0 993.30 84.61]
[403.0 600.0 1902.00 596.02]
[17.0 574.0 1494.64 520.74]
[212.0 696.0 564.77 643.13]
[245.0 563.0 1794.93 367.13]
[222.0 760.0 1272.08 263.35]
[717.0 971.0 1066.59 13.43]
[919.0 867.0 1213.77 221.09]
[914.0 54.0 1164.03 47.60]
[188.0 833.0 1103.31 796.02]
[747.0 468.0 929.71 454.72]
[53.0 480.0 1419.47 268.39]
[213.0 38.0 1085.50 36.22]
[200.0 480.0 1423.03 237.70]
[344.0 805.0 1426.33 276.86]
[481.0 367.0 1189.54 173.47]
[720.0 826.0 1165.95 68.28]
[349.0 759.0 807.73 341.90]
[502.0 478.0 1305.47 369.02]
[406.0 361.0 752.81 358.88]
[254.0 345.0 1994.73 124.30]
[649.0 126.0 1543.53 116.10]
[497.0 326.0 1644.15 48.11]
[94.0 772.0 1345.42 416.41]
[664.0 177.0 1325.81 72.85]
[581.0 296.0 1286.72 164.23]
[398.0 120.0 1440.32 6.09]
[753.0 114.0 1690.91 3.22]
[546.0 518.0 1936.11 304.32]
[271.0 64.0 1093.93 32.68]
[488.0 492.0 1433.52 387.75]
[623.0 26.0 1016.61 22.22]
[920.0 509.0 1215.81 208.56]
[990.0 720.0 1213.80 406.45]
[659.0 689.0 1964.59 11.36]
[517.0 196.0 637.33 3.58]
[911.0 815.0 1047.32 8.96]
[901.0 778.0 1865.67 277.17]
[970.0 92.0 1121.83 51.82]
[413.0 700.0 1347.43 239.99]
[570.0 837.0 1601.41 662.18]
[606.0 541.0 1787.92 230.37]
[436.0 761.0 1455.75 488.30]
[944.0 7.0 1258.76 3.96]
[628.0 618.0 911.34 284.58]
[489.0 328.0 518.70 8.74]
[368.0 633.0 764.02 140.08]
[738.0 685.0 1620.03 120.04]
[313.0 389.0 1602.11 23.39]
[699.0 496.0 1633.34 383.55]
[910.0 807.0 915.06 679.24]
[242.0 634.0 724.35 102.30]
[699.0 744.0 1211.99 325.12]
[669.0 110.0 1270.41 106.33]
[502.0 220.0 592.61 143.73]
[722.0 554.0 933.12 211.42]
[671.0 624.0 1844.58 5.03]
[634.0 906.0 1064.02 855.95]
[372.0 87.0 1908.73 81.55]
[865.0 289.0 1837.14 279.57]
[868.0 340.0 1829.57 160.77]
[626.0 279.0 1613.00 8.72]
[863.0 741.0 1138.39 584.62]
[755.0 602.0 1192.05 99.24]
[669.0 722.0 1662.89 308.84]
[301.0 498.0 1733.73 296.35]
[830.0 253.0 1855.78 13.43]
[416.0 442.0 1833.99 78.62]
[177.0 682.0 1063.78 407.98]
[32.0 767.0 1864.65 304.63]
[629.0 182.0 1181.44 177.08]
[174.0 741.0 961.48 721.93]
[767.0 152.0 1757.10 96.66]
[94.0 620.0 517.46 483.07]
[855.0 628.0 1850.27 222.01]
[411.0 444.0 1119.45 281.39]
[99.0 238.0 1395.20 30.79]
[217.0 54.0 1978.61 18.77]
[639.0 176.0 997.54 61.56]
[269.0 59.0 1903.78 38.20]
[789.0 819.0 883.67 526.97]
[243.0 636.0 1559.46 397.91]
[798.0 820.0 993.82 221.85]
[512.0 213.0 1597.46 134.18]
[354.0 988.0 1647.00 240.44]
[933.0 974.0 1284.74 660.22]
[113.0 658.0 330.60 22.00]
[259.0 993.0 473.34 177.16]
[654.0 327.0 1560.09 20.61]
[15.0 787.0 1977.56 765.42]
[397.0 826.0 922.70 101.76]
[197.0 572.0 1454.66 55.73]
[295.0 149.0 1227.17 8.03]
[580.0 20.0 1133.35 14.32]
[946.0 625.0 1535.76 56.73]
[348.0 27.0 1107.12 24.89]
[832.0 610.0 1669.83 57.75]
[886.0 84.0 1598.49 49.19]
[93.0 208.0 1293.57 162.83]
[118.0 650.0 651.17 385.80]
[140.0 473.0 1685.55 72.64]
[634.0 73.0 833.68 15.04]
[904.0 480.0 1665.66 294.80]
[457.0 402.0 816.39 117.03]
[615.0 417.0 1660.27 74.31]
[221.0 590.0 972.12 489.80]
[654.0 612.0 1193.29 174.96]
[706.0 979.0 1593.10 767.96]
[733.0 376.0 1050.13 314.56]
[830.0 307.0 1313.21 168.93]
[944.0 183.0 1150.28 75.43]
[953.0 129.0 1945.17 33.19]
[298.0 857.0 1709.42 130.98]
[345.0 418.0 776.28 384.09]
[156.0 830.0 1056.92 453.60]
[773.0 549.0 1110.38 193.78]
[925.0 438.0 1537.70 204.99]
[547.0 901.0 1693.35 138.97]
[58.0 976.0 1907.58 92.70]
[74.0 773.0 1832.88 164.09]
[512.0 607.0 1632.26 8.54]
[925.0 363.0 1227.66 38.03]
[850.0 128.0 949.53 73.14]
[685.0 944.0 1940.84 487.03]
[691.0 952.0 725.60 678.68]
[942.0 234.0 1373.08 204.31]
[4.0 437.0 467.62 254.19]
[786.0 421.0 1291.94 420.59]
[604.0 815.0 1031.32 494.77]
[614.0 802.0 1187.09 354.39]
[187.0 481.0 1087.15 398.99]
[832.0 283.0 928.29 165.23]
[794.0 88.0 1891.38 52.06]
[341.0 652.0 1813.78 524.50]
[340.0 477.0 1177.84 146.70]
[938.0 706.0 1163.33 121.05]
[722.0 672.0 1191.35 569.18]
[528.0 564.0 1428.99 555.03]
[475.0 488.0 1466.74 330.94]
[613.0 465.0 978.79 115.11]
[5.0 796.0 112.07 457.62]
[891.0 291.0 1061.92 268.72]
[28.0 276.0 831.13 181.60]
[213.0 415.0 729.13 328.21]
[567.0 808.0 879.48 246.87]
[95.0 664.0 1971.91 360.80]
[921.0 22.0 1381.64 21.98]
[567.0 401.0 1494.67 210.18]
[157.0 499.0 297.25 92.16]
[121.0 750.0 1999.85 230.18]
[869.0 746.0 1440.44 303.24]
[19.0 716.0 284.01 227.63]
[399.0 950.0 1226.60 241.45]
[262.0 622.0 872.76 235.39]
[304.0 577.0 456.86 257.30]
[80.0 874.0 1085.88 478.25]
[185.0 539.0 1134.06 439.01]
[851.0 334.0 1520.58 314.62]
[566.0 871.0 1702.36 160.70]
[706.0 547.0 1932.77 223.60]
[190.0 415.0 1442.64 208.88]
[108.0 351.0 110.23 152.73]
[567.0 705.0 1141.11 673.20]
[967.0 603.0 1318.15 382.01]
[11.0 40.0 530.98 29.39]
[918.0 804.0 1151.00 294.09]
[745.0 426.0 890.47 110.72]
[726.0 130.0 1417.75 87.61]
[140.0 27.0 1525.61 16.95]
[881.0 438.0 1662.35 4.07]
[921.0 746.0 1145.66 315.73]
[736.0 253.0 1317.61 78.70]
[383.0 929.0 1602.40 463.26]
[945.0 743.0 1089.63 469.50]
[637.0 498.0 1929.90 75.67]
[309.0 4.0 1774.02 2.83]
[824.0 390.0 1664.05 162.94]
[693.0 663.0 942.41 632.20]
[507.0 36.0 1377.74 25.39]
[67.0 672.0 592.92 162.00]
[36.0 552.0 207.41 116.30]
[377.0 924.0 620.08 323.49]
[168.0 437.0 559.06 375.64]
[333.0 537.0 984.57 510.94]
[942.0 586.0 1254.12 378.66]
[203.0 872.0 1565.09 696.54]
[740.0 226.0 1752.56 74.41]
[846.0 758.0 1382.33 165.24]
[756.0 201.0 1832.57 75.74]
[855.0 939.0 1171.62 746.62]
[558.0 152.0 651.71 111.09]
[649.0 533.0 1743.83 98.98]
[771.0 926.0 1209.16 454.37]
[945.0 205.0 1559.07 84.41]
[447.0 372.0 1600.05 219.20]
[418.0 809.0 1333.86 551.15]
[651.0 821.0 1132.20 244.21]
[14.0 888.0 1684.94 293.61]
[523.0 103.0 1760.95 25.81]
[899.0 728.0 1755.44 532.93]
[355.0 957.0 951.69 193.36]
[713.0 588.0 1940.27 35.10]